N_unmapped	0	0	0
N_multimapping	0	0	0
N_noFeature	0	0	122411
N_ambiguous	13317	0	0
gene0001	0	0	286
gene0002	43	329	0
gene0003	2	34	35
gene0004	3	38	32
gene0005	8	19	909
gene0006	354	1263	11
gene0007	23	69	29
gene0008	17	46	46
gene0009	20	39	4776
gene0010	3401	8177	19
gene0011	1	9	113
gene0012	55	168	8
gene0013	64	158	10
gene0014	2	12	94
gene0015	77	172	19
gene0016	15	34	95
gene0017	66	266	124
gene0018	45	169	200
gene0019	83	165	131
gene0020	89	220	82
gene0021	27	106	6
gene0022	5	11	79
gene0023	3	12	857
gene0024	263	1120	9
gene0025	0	0	74
gene0026	45	119	0
gene0027	2	34	191
gene0028	40	231	32
gene0029	0	0	14
gene0030	2	16	0
gene0031	1	5	39
gene0032	27	66	4
gene0033	5	21	381
gene0034	118	499	16
gene0035	35	132	134
gene0036	34	168	97
gene0037	43	120	21
gene0038	12	33	77
gene0039	0	0	106
gene0040	15	121	0
gene0041	108	316	0
gene0042	0	0	208
gene0043	103	730	107
gene0044	21	128	627
gene0045	358	946	47
gene0046	43	90	588
gene0047	17	41	67
gene0048	63	130	24
gene0049	105	419	178
gene0050	67	245	314
gene0051	170	456	126
gene0052	78	204	286
gene0053	13	32	27
gene0054	13	40	19
gene0055	6	55	1388
gene0056	192	1580	49
gene0057	0	0	3
gene0058	1	4	0
gene0059	20	110	13
gene0060	5	18	90
gene0061	24	24	0
gene0062	85	85	0
gene0063	390	390	0
gene0064	397	397	0
gene0065	24	24	0
gene0066	714	714	0
gene0067	175	175	0
gene0068	65	65	0
gene0069	63	63	0
gene0070	804	804	0
gene0071	3016	3016	0
gene0072	0	0	0
gene0073	31	31	0
gene0074	6758	6758	0
gene0075	297	297	0
gene0076	0	0	0
gene0077	275	275	0
gene0078	211	211	0
gene0079	1125	1125	0
gene0080	159	159	0
gene0081	400	400	0
gene0082	133	133	0
gene0083	126	126	0
gene0084	22	22	0
gene0085	18	18	0
gene0086	0	0	0
gene0087	1305	1305	0
gene0088	268	268	0
gene0089	0	0	0
gene0090	89	89	0
gene0091	27	27	0
gene0092	18	18	0
gene0093	55	55	0
gene0094	849	849	0
gene0095	163	163	0
gene0096	2	2	0
gene0097	13	13	0
gene0098	167	167	0
gene0099	659	659	0
gene0100	0	0	0
gene0101	73	73	0
gene0102	0	0	0
gene0103	5	5	0
gene0104	935	935	0
gene0105	303	303	0
gene0106	117	117	0
gene0107	37	37	0
gene0108	511	511	0
gene0109	0	0	0
gene0110	192	192	0
gene0111	179	179	0
gene0112	289	289	0
gene0113	157	157	0
gene0114	39	39	0
gene0115	160	160	0
gene0116	0	0	0
gene0117	171	171	0
gene0118	2542	2542	0
gene0119	907	907	0
gene0120	79	79	0
gene0121	123	123	0
gene0122	74	74	0
gene0123	64	64	0
gene0124	299	299	0
gene0125	13	13	0
gene0126	289	289	0
gene0127	181	181	0
gene0128	22	22	0
gene0129	133	133	0
gene0130	242	242	0
gene0131	37	37	0
gene0132	122	122	0
gene0133	220	220	0
gene0134	93	93	0
gene0135	0	0	0
gene0136	548	548	0
gene0137	0	0	0
gene0138	9	9	0
gene0139	26	26	0
gene0140	2	2	0
gene0141	644	644	0
gene0142	27911	27911	0
gene0143	23	23	0
gene0144	5	5	0
gene0145	97	97	0
gene0146	0	0	0
gene0147	100	100	0
gene0148	191	191	0
gene0149	126	126	0
gene0150	0	0	0
gene0151	79	79	0
gene0152	0	0	0
gene0153	14	14	0
gene0154	18	18	0
gene0155	677	677	0
gene0156	33	33	0
gene0157	18	18	0
gene0158	59	59	0
gene0159	144	144	0
gene0160	18	18	0
gene0161	33	33	0
gene0162	16	16	0
gene0163	10706	10706	0
gene0164	0	0	0
gene0165	6	6	0
gene0166	6	6	0
gene0167	68	68	0
gene0168	24	24	0
gene0169	346	346	0
gene0170	550	550	0
gene0171	0	0	0
gene0172	282	282	0
gene0173	522	522	0
gene0174	135	135	0
gene0175	0	0	0
gene0176	42	42	0
gene0177	109	109	0
gene0178	199	199	0
gene0179	29	29	0
gene0180	481	481	0
gene0181	5	5	0
gene0182	196	196	0
gene0183	116	116	0
gene0184	155	155	0
gene0185	193	193	0
gene0186	487	487	0
gene0187	1039	1039	0
gene0188	0	0	0
gene0189	0	0	0
gene0190	3108	3108	0
gene0191	222	222	0
gene0192	233	233	0
gene0193	30	30	0
gene0194	0	0	0
gene0195	299	299	0
gene0196	294	294	0
gene0197	719	719	0
gene0198	85	85	0
gene0199	19	19	0
gene0200	0	0	0
gene0201	90	90	0
gene0202	46	46	0
gene0203	14	14	0
gene0204	0	0	0
gene0205	0	0	0
gene0206	687	687	0
gene0207	29	29	0
gene0208	0	0	0
gene0209	112	112	0
gene0210	0	0	0
gene0211	351	351	0
gene0212	30	30	0
gene0213	650	650	0
gene0214	487	487	0
gene0215	649	649	0
gene0216	737	737	0
gene0217	304	304	0
gene0218	2	2	0
gene0219	17	17	0
gene0220	118	118	0
gene0221	1225	1225	0
gene0222	85	85	0
gene0223	0	0	0
gene0224	120	120	0
gene0225	44	44	0
gene0226	2291	2291	0
gene0227	209	209	0
gene0228	53	53	0
gene0229	0	0	0
gene0230	0	0	0
gene0231	234	234	0
gene0232	1879	1879	0
gene0233	92	92	0
gene0234	148	148	0
gene0235	33	33	0
gene0236	25	25	0
gene0237	574	574	0
gene0238	277	277	0
gene0239	0	0	0
gene0240	16	16	0
gene0241	68	68	0
gene0242	486	486	0
gene0243	3279	3279	0
gene0244	101	101	0
gene0245	0	0	0
gene0246	76	76	0
gene0247	46	46	0
gene0248	436	436	0
gene0249	14	14	0
gene0250	1000	1000	0
gene0251	1005	1005	0
gene0252	818	818	0
gene0253	406	406	0
gene0254	58	58	0
gene0255	29	29	0
gene0256	179	179	0
gene0257	0	0	0
gene0258	439	439	0
gene0259	187	187	0
gene0260	0	0	0
gene0261	452	452	0
gene0262	40	40	0
gene0263	977	977	0
gene0264	7	7	0
gene0265	121	121	0
gene0266	7	7	0
gene0267	482	482	0
gene0268	595	595	0
gene0269	72	72	0
gene0270	200	200	0
gene0271	412	412	0
gene0272	250	250	0
gene0273	582	582	0
gene0274	1095	1095	0
gene0275	260	260	0
gene0276	80	80	0
gene0277	73	73	0
gene0278	13	13	0
gene0279	940	940	0
gene0280	0	0	0
gene0281	2	2	0
gene0282	72	72	0
gene0283	84	84	0
gene0284	0	0	0
gene0285	10	10	0
gene0286	78	78	0
gene0287	24	24	0
gene0288	334	334	0
gene0289	151	151	0
gene0290	87	87	0
gene0291	0	0	0
gene0292	0	0	0
gene0293	431	431	0
gene0294	520	520	0
gene0295	390	390	0
gene0296	386	386	0
gene0297	133	133	0
gene0298	121	121	0
gene0299	11	11	0
gene0300	0	0	0
gene0301	662	662	0
gene0302	66	66	0
gene0303	0	0	0
gene0304	336	336	0
gene0305	54	54	0
gene0306	52	52	0
gene0307	390	390	0
gene0308	409	409	0
gene0309	470	470	0
gene0310	141	141	0
gene0311	0	0	0
gene0312	267	267	0
gene0313	45	45	0
gene0314	38	38	0
gene0315	97	97	0
gene0316	64	64	0
gene0317	92	92	0
gene0318	0	0	0
gene0319	0	0	0
gene0320	90	90	0
gene0321	0	0	0
gene0322	286	286	0
gene0323	523	523	0
gene0324	78	78	0
gene0325	722	722	0
gene0326	1621	1621	0
gene0327	256	256	0
gene0328	23	23	0
gene0329	48	48	0
gene0330	0	0	0
gene0331	158	158	0
gene0332	0	0	0
gene0333	62	62	0
gene0334	105	105	0
gene0335	29	29	0
gene0336	0	0	0
gene0337	21	21	0
