N_unmapped	0	0	0
N_multimapping	0	0	0
N_noFeature	94222	152067	94222
N_ambiguous	4999	0	0
gene0001	0	103	0
gene0002	9	0	112
gene0003	5	8	18
gene0004	0	13	8
gene0005	2	272	11
gene0006	96	9	368
gene0007	14	13	26
gene0008	7	12	20
gene0009	8	1914	25
gene0010	1377	17	3291
gene0011	1	48	2
gene0012	17	1	65
gene0013	20	2	55
gene0014	1	35	3
gene0015	22	10	60
gene0016	6	38	16
gene0017	42	59	140
gene0018	22	98	81
gene0019	51	51	117
gene0020	34	66	85
gene0021	8	5	32
gene0022	0	24	5
gene0023	3	142	12
gene0024	42	9	184
gene0025	0	16	0
gene0026	9	0	25
gene0027	6	46	41
gene0028	10	35	56
gene0029	0	9	0
gene0030	1	0	10
gene0031	3	9	5
gene0032	13	2	22
gene0033	5	141	13
gene0034	46	8	187
gene0035	26	60	125
gene0036	16	99	76
gene0037	25	6	41
gene0038	5	16	11
gene0039	0	41	0
gene0040	7	0	48
gene0041	27	0	81
gene0042	0	54	0
gene0043	31	26	266
gene0044	5	235	31
gene0045	104	22	296
gene0046	11	192	33
gene0047	12	24	27
gene0048	22	15	46
gene0049	41	22	190
gene0050	5	149	27
gene0051	71	42	180
gene0052	21	109	63
gene0053	2	14	8
gene0054	5	6	19
gene0055	3	563	22
gene0056	82	19	645
gene0057	0	1	0
gene0058	2	0	3
gene0059	13	22	60
gene0060	4	47	26
gene0061	33	0	33
gene0062	58	0	58
gene0063	80	0	80
gene0064	156	0	156
gene0065	22	0	22
gene0066	192	0	192
gene0067	166	0	166
gene0068	19	0	19
gene0069	24	0	24
gene0070	219	0	219
gene0071	2907	0	2907
gene0072	0	0	0
gene0073	4	0	4
gene0074	2565	0	2565
gene0075	117	0	117
gene0076	0	0	0
gene0077	222	0	222
gene0078	145	0	145
gene0079	466	0	466
gene0080	36	0	36
gene0081	116	0	116
gene0082	34	0	34
gene0083	37	0	37
gene0084	9	0	9
gene0085	13	0	13
gene0086	0	0	0
gene0087	614	0	614
gene0088	81	0	81
gene0089	0	0	0
gene0090	32	0	32
gene0091	14	0	14
gene0092	6	0	6
gene0093	31	0	31
gene0094	214	0	214
gene0095	54	0	54
gene0096	4	0	4
gene0097	4	0	4
gene0098	60	0	60
gene0099	266	0	266
gene0100	0	0	0
gene0101	30	0	30
gene0102	0	0	0
gene0103	6	0	6
gene0104	598	0	598
gene0105	148	0	148
gene0106	70	0	70
gene0107	18	0	18
gene0108	131	0	131
gene0109	0	0	0
gene0110	130	0	130
gene0111	64	0	64
gene0112	148	0	148
gene0113	90	0	90
gene0114	12	0	12
gene0115	138	0	138
gene0116	0	0	0
gene0117	108	0	108
gene0118	1105	0	1105
gene0119	227	0	227
gene0120	90	0	90
gene0121	41	0	41
gene0122	40	0	40
gene0123	12	0	12
gene0124	133	0	133
gene0125	12	0	12
gene0126	133	0	133
gene0127	38	0	38
gene0128	6	0	6
gene0129	16	0	16
gene0130	99	0	99
gene0131	29	0	29
gene0132	50	0	50
gene0133	55	0	55
gene0134	31	0	31
gene0135	0	0	0
gene0136	195	0	195
gene0137	0	0	0
gene0138	5	0	5
gene0139	30	0	30
gene0140	1	0	1
gene0141	589	0	589
gene0142	16403	0	16403
gene0143	32	0	32
gene0144	3	0	3
gene0145	72	0	72
gene0146	0	0	0
gene0147	24	0	24
gene0148	133	0	133
gene0149	40	0	40
gene0150	0	0	0
gene0151	15	0	15
gene0152	0	0	0
gene0153	18	0	18
gene0154	7	0	7
gene0155	572	0	572
gene0156	14	0	14
gene0157	16	0	16
gene0158	26	0	26
gene0159	64	0	64
gene0160	7	0	7
gene0161	21	0	21
gene0162	12	0	12
gene0163	5070	0	5070
gene0164	0	0	0
gene0165	9	0	9
gene0166	3	0	3
gene0167	19	0	19
gene0168	11	0	11
gene0169	154	0	154
gene0170	242	0	242
gene0171	0	0	0
gene0172	90	0	90
gene0173	59	0	59
gene0174	35	0	35
gene0175	0	0	0
gene0176	45	0	45
gene0177	56	0	56
gene0178	62	0	62
gene0179	9	0	9
gene0180	152	0	152
gene0181	1	0	1
gene0182	153	0	153
gene0183	29	0	29
gene0184	138	0	138
gene0185	74	0	74
gene0186	128	0	128
gene0187	210	0	210
gene0188	0	0	0
gene0189	0	0	0
gene0190	655	0	655
gene0191	123	0	123
gene0192	128	0	128
gene0193	15	0	15
gene0194	0	0	0
gene0195	168	0	168
gene0196	111	0	111
gene0197	228	0	228
gene0198	71	0	71
gene0199	15	0	15
gene0200	0	0	0
gene0201	21	0	21
gene0202	27	0	27
gene0203	15	0	15
gene0204	0	0	0
gene0205	0	0	0
gene0206	354	0	354
gene0207	7	0	7
gene0208	0	0	0
gene0209	44	0	44
gene0210	0	0	0
gene0211	143	0	143
gene0212	11	0	11
gene0213	548	0	548
gene0214	111	0	111
gene0215	272	0	272
gene0216	359	0	359
gene0217	58	0	58
gene0218	2	0	2
gene0219	2	0	2
gene0220	70	0	70
gene0221	633	0	633
gene0222	80	0	80
gene0223	0	0	0
gene0224	31	0	31
gene0225	13	0	13
gene0226	1044	0	1044
gene0227	82	0	82
gene0228	25	0	25
gene0229	0	0	0
gene0230	0	0	0
gene0231	66	0	66
gene0232	272	0	272
gene0233	14	0	14
gene0234	22	0	22
gene0235	29	0	29
gene0236	9	0	9
gene0237	159	0	159
gene0238	129	0	129
gene0239	0	0	0
gene0240	20	0	20
gene0241	92	0	92
gene0242	119	0	119
gene0243	1436	0	1436
gene0244	24	0	24
gene0245	0	0	0
gene0246	34	0	34
gene0247	16	0	16
gene0248	149	0	149
gene0249	2	0	2
gene0250	397	0	397
gene0251	465	0	465
gene0252	563	0	563
gene0253	123	0	123
gene0254	28	0	28
gene0255	4	0	4
gene0256	153	0	153
gene0257	0	0	0
gene0258	304	0	304
gene0259	75	0	75
gene0260	0	0	0
gene0261	242	0	242
gene0262	4	0	4
gene0263	631	0	631
gene0264	7	0	7
gene0265	25	0	25
gene0266	2	0	2
gene0267	157	0	157
gene0268	385	0	385
gene0269	15	0	15
gene0270	122	0	122
gene0271	93	0	93
gene0272	65	0	65
gene0273	244	0	244
gene0274	646	0	646
gene0275	114	0	114
gene0276	66	0	66
gene0277	14	0	14
gene0278	5	0	5
gene0279	230	0	230
gene0280	0	0	0
gene0281	0	0	0
gene0282	22	0	22
gene0283	23	0	23
gene0284	0	0	0
gene0285	5	0	5
gene0286	16	0	16
gene0287	9	0	9
gene0288	129	0	129
gene0289	65	0	65
gene0290	42	0	42
gene0291	0	0	0
gene0292	0	0	0
gene0293	260	0	260
gene0294	188	0	188
gene0295	111	0	111
gene0296	199	0	199
gene0297	54	0	54
gene0298	62	0	62
gene0299	0	0	0
gene0300	0	0	0
gene0301	214	0	214
gene0302	21	0	21
gene0303	0	0	0
gene0304	86	0	86
gene0305	34	0	34
gene0306	17	0	17
gene0307	151	0	151
gene0308	387	0	387
gene0309	248	0	248
gene0310	120	0	120
gene0311	0	0	0
gene0312	112	0	112
gene0313	19	0	19
gene0314	14	0	14
gene0315	32	0	32
gene0316	27	0	27
gene0317	67	0	67
gene0318	0	0	0
gene0319	0	0	0
gene0320	30	0	30
gene0321	0	0	0
gene0322	78	0	78
gene0323	201	0	201
gene0324	25	0	25
gene0325	483	0	483
gene0326	391	0	391
gene0327	101	0	101
gene0328	16	0	16
gene0329	31	0	31
gene0330	0	0	0
gene0331	98	0	98
gene0332	0	0	0
gene0333	44	0	44
gene0334	59	0	59
gene0335	5	0	5
gene0336	0	0	0
gene0337	16	0	16
