N_unmapped	0	0	0
N_multimapping	0	0	0
N_noFeature	0	158872	0
N_ambiguous	17642	0	0
gene0001	0	367	0
gene0002	45	0	412
gene0003	10	66	97
gene0004	14	87	80
gene0005	5	1154	17
gene0006	435	12	1589
gene0007	26	46	85
gene0008	31	59	77
gene0009	37	6161	82
gene0010	4203	45	10364
gene0011	3	147	6
gene0012	75	3	222
gene0013	132	6	291
gene0014	2	159	8
gene0015	77	23	175
gene0016	20	98	43
gene0017	106	373	415
gene0018	134	309	507
gene0019	134	194	322
gene0020	130	188	324
gene0021	25	26	149
gene0022	9	124	35
gene0023	9	615	33
gene0024	179	24	794
gene0025	0	62	0
gene0026	50	0	112
gene0027	9	259	73
gene0028	65	64	324
gene0029	0	29	0
gene0030	1	0	30
gene0031	4	62	11
gene0032	37	7	99
gene0033	10	653	39
gene0034	222	29	875
gene0035	27	110	198
gene0036	24	171	134
gene0037	34	23	73
gene0038	19	39	42
gene0039	0	170	0
gene0040	23	0	193
gene0041	163	0	522
gene0042	0	359	0
gene0043	207	100	1453
gene0044	20	1246	120
gene0045	448	53	1185
gene0046	39	737	92
gene0047	53	100	100
gene0048	72	47	172
gene0049	177	196	787
gene0050	68	610	264
gene0051	235	73	627
gene0052	51	392	124
gene0053	10	72	34
gene0054	48	24	120
gene0055	8	1415	100
gene0056	206	92	1621
gene0057	0	11	0
gene0058	6	0	17
gene0059	17	26	142
gene0060	4	125	30
gene0061	31	0	31
gene0062	159	0	159
gene0063	658	0	658
gene0064	474	0	474
gene0065	55	0	55
gene0066	468	0	468
gene0067	367	0	367
gene0068	89	0	89
gene0069	83	0	83
gene0070	579	0	579
gene0071	6685	0	6685
gene0072	0	0	0
gene0073	15	0	15
gene0074	9971	0	9971
gene0075	492	0	492
gene0076	0	0	0
gene0077	504	0	504
gene0078	408	0	408
gene0079	2809	0	2809
gene0080	125	0	125
gene0081	296	0	296
gene0082	190	0	190
gene0083	145	0	145
gene0084	27	0	27
gene0085	29	0	29
gene0086	0	0	0
gene0087	779	0	779
gene0088	304	0	304
gene0089	0	0	0
gene0090	142	0	142
gene0091	63	0	63
gene0092	53	0	53
gene0093	90	0	90
gene0094	653	0	653
gene0095	150	0	150
gene0096	8	0	8
gene0097	18	0	18
gene0098	195	0	195
gene0099	1218	0	1218
gene0100	0	0	0
gene0101	103	0	103
gene0102	0	0	0
gene0103	17	0	17
gene0104	902	0	902
gene0105	271	0	271
gene0106	240	0	240
gene0107	156	0	156
gene0108	586	0	586
gene0109	0	0	0
gene0110	315	0	315
gene0111	295	0	295
gene0112	537	0	537
gene0113	298	0	298
gene0114	57	0	57
gene0115	227	0	227
gene0116	0	0	0
gene0117	438	0	438
gene0118	1896	0	1896
gene0119	624	0	624
gene0120	102	0	102
gene0121	227	0	227
gene0122	137	0	137
gene0123	52	0	52
gene0124	296	0	296
gene0125	42	0	42
gene0126	419	0	419
gene0127	266	0	266
gene0128	22	0	22
gene0129	110	0	110
gene0130	335	0	335
gene0131	47	0	47
gene0132	144	0	144
gene0133	319	0	319
gene0134	191	0	191
gene0135	0	0	0
gene0136	497	0	497
gene0137	0	0	0
gene0138	14	0	14
gene0139	97	0	97
gene0140	5	0	5
gene0141	999	0	999
gene0142	34134	0	34134
gene0143	66	0	66
gene0144	18	0	18
gene0145	114	0	114
gene0146	0	0	0
gene0147	227	0	227
gene0148	359	0	359
gene0149	98	0	98
gene0150	0	0	0
gene0151	56	0	56
gene0152	0	0	0
gene0153	33	0	33
gene0154	39	0	39
gene0155	1731	0	1731
gene0156	16	0	16
gene0157	18	0	18
gene0158	34	0	34
gene0159	341	0	341
gene0160	20	0	20
gene0161	39	0	39
gene0162	69	0	69
gene0163	12897	0	12897
gene0164	0	0	0
gene0165	22	0	22
gene0166	20	0	20
gene0167	30	0	30
gene0168	16	0	16
gene0169	432	0	432
gene0170	529	0	529
gene0171	0	0	0
gene0172	251	0	251
gene0173	356	0	356
gene0174	78	0	78
gene0175	0	0	0
gene0176	90	0	90
gene0177	294	0	294
gene0178	229	0	229
gene0179	30	0	30
gene0180	347	0	347
gene0181	4	0	4
gene0182	139	0	139
gene0183	83	0	83
gene0184	233	0	233
gene0185	330	0	330
gene0186	750	0	750
gene0187	1086	0	1086
gene0188	0	0	0
gene0189	0	0	0
gene0190	2945	0	2945
gene0191	384	0	384
gene0192	264	0	264
gene0193	79	0	79
gene0194	0	0	0
gene0195	959	0	959
gene0196	210	0	210
gene0197	1011	0	1011
gene0198	138	0	138
gene0199	49	0	49
gene0200	0	0	0
gene0201	48	0	48
gene0202	69	0	69
gene0203	25	0	25
gene0204	0	0	0
gene0205	0	0	0
gene0206	1121	0	1121
gene0207	30	0	30
gene0208	0	0	0
gene0209	215	0	215
gene0210	0	0	0
gene0211	271	0	271
gene0212	34	0	34
gene0213	1021	0	1021
gene0214	544	0	544
gene0215	855	0	855
gene0216	1247	0	1247
gene0217	282	0	282
gene0218	2	0	2
gene0219	13	0	13
gene0220	173	0	173
gene0221	1735	0	1735
gene0222	235	0	235
gene0223	0	0	0
gene0224	109	0	109
gene0225	42	0	42
gene0226	2831	0	2831
gene0227	226	0	226
gene0228	51	0	51
gene0229	0	0	0
gene0230	0	0	0
gene0231	557	0	557
gene0232	984	0	984
gene0233	46	0	46
gene0234	89	0	89
gene0235	58	0	58
gene0236	22	0	22
gene0237	527	0	527
gene0238	791	0	791
gene0239	0	0	0
gene0240	14	0	14
gene0241	258	0	258
gene0242	343	0	343
gene0243	4892	0	4892
gene0244	121	0	121
gene0245	0	0	0
gene0246	133	0	133
gene0247	66	0	66
gene0248	503	0	503
gene0249	16	0	16
gene0250	547	0	547
gene0251	1323	0	1323
gene0252	1694	0	1694
gene0253	688	0	688
gene0254	126	0	126
gene0255	17	0	17
gene0256	571	0	571
gene0257	0	0	0
gene0258	1894	0	1894
gene0259	113	0	113
gene0260	0	0	0
gene0261	781	0	781
gene0262	44	0	44
gene0263	1313	0	1313
gene0264	15	0	15
gene0265	106	0	106
gene0266	9	0	9
gene0267	623	0	623
gene0268	449	0	449
gene0269	98	0	98
gene0270	154	0	154
gene0271	269	0	269
gene0272	121	0	121
gene0273	898	0	898
gene0274	2054	0	2054
gene0275	553	0	553
gene0276	193	0	193
gene0277	121	0	121
gene0278	12	0	12
gene0279	767	0	767
gene0280	0	0	0
gene0281	3	0	3
gene0282	66	0	66
gene0283	46	0	46
gene0284	0	0	0
gene0285	25	0	25
gene0286	113	0	113
gene0287	30	0	30
gene0288	289	0	289
gene0289	240	0	240
gene0290	104	0	104
gene0291	0	0	0
gene0292	0	0	0
gene0293	448	0	448
gene0294	628	0	628
gene0295	601	0	601
gene0296	373	0	373
gene0297	113	0	113
gene0298	164	0	164
gene0299	7	0	7
gene0300	0	0	0
gene0301	938	0	938
gene0302	77	0	77
gene0303	0	0	0
gene0304	374	0	374
gene0305	64	0	64
gene0306	25	0	25
gene0307	650	0	650
gene0308	611	0	611
gene0309	540	0	540
gene0310	159	0	159
gene0311	0	0	0
gene0312	601	0	601
gene0313	53	0	53
gene0314	37	0	37
gene0315	155	0	155
gene0316	68	0	68
gene0317	126	0	126
gene0318	0	0	0
gene0319	0	0	0
gene0320	61	0	61
gene0321	0	0	0
gene0322	365	0	365
gene0323	1308	0	1308
gene0324	173	0	173
gene0325	1310	0	1310
gene0326	1466	0	1466
gene0327	218	0	218
gene0328	5	0	5
gene0329	108	0	108
gene0330	0	0	0
gene0331	136	0	136
gene0332	0	0	0
gene0333	128	0	128
gene0334	129	0	129
gene0335	31	0	31
gene0336	0	0	0
gene0337	44	0	44
