N_unmapped	0	0	0
N_multimapping	0	0	0
N_noFeature	0	114105	0
N_ambiguous	13462	0	0
gene0001	0	248	0
gene0002	32	0	280
gene0003	9	20	72
gene0004	1	63	21
gene0005	3	412	14
gene0006	182	11	594
gene0007	13	21	48
gene0008	16	35	37
gene0009	20	6847	60
gene0010	4620	40	11467
gene0011	5	111	9
gene0012	42	4	153
gene0013	42	4	88
gene0014	4	46	8
gene0015	44	34	106
gene0016	33	62	67
gene0017	68	139	233
gene0018	63	165	202
gene0019	51	96	132
gene0020	69	81	165
gene0021	28	10	103
gene0022	3	75	13
gene0023	4	431	15
gene0024	138	11	569
gene0025	0	36	0
gene0026	23	0	59
gene0027	14	273	44
gene0028	50	30	323
gene0029	0	13	0
gene0030	0	0	13
gene0031	8	32	13
gene0032	26	5	58
gene0033	5	270	14
gene0034	108	9	378
gene0035	31	82	140
gene0036	24	109	106
gene0037	33	5	71
gene0038	6	38	11
gene0039	0	86	0
gene0040	18	0	104
gene0041	178	0	500
gene0042	0	322	0
gene0043	74	122	459
gene0044	12	385	134
gene0045	224	57	558
gene0046	49	334	106
gene0047	8	67	14
gene0048	67	6	134
gene0049	124	95	498
gene0050	44	374	139
gene0051	112	36	283
gene0052	19	171	55
gene0053	20	17	58
gene0054	9	38	26
gene0055	7	1341	60
gene0056	190	53	1531
gene0057	0	8	0
gene0058	1	0	9
gene0059	13	18	77
gene0060	2	64	20
gene0061	23	0	23
gene0062	97	0	97
gene0063	649	0	649
gene0064	312	0	312
gene0065	73	0	73
gene0066	390	0	390
gene0067	190	0	190
gene0068	50	0	50
gene0069	48	0	48
gene0070	584	0	584
gene0071	2961	0	2961
gene0072	0	0	0
gene0073	21	0	21
gene0074	4056	0	4056
gene0075	178	0	178
gene0076	0	0	0
gene0077	191	0	191
gene0078	231	0	231
gene0079	1904	0	1904
gene0080	130	0	130
gene0081	627	0	627
gene0082	54	0	54
gene0083	198	0	198
gene0084	23	0	23
gene0085	17	0	17
gene0086	0	0	0
gene0087	513	0	513
gene0088	187	0	187
gene0089	0	0	0
gene0090	83	0	83
gene0091	28	0	28
gene0092	17	0	17
gene0093	34	0	34
gene0094	455	0	455
gene0095	84	0	84
gene0096	4	0	4
gene0097	9	0	9
gene0098	144	0	144
gene0099	715	0	715
gene0100	0	0	0
gene0101	61	0	61
gene0102	0	0	0
gene0103	19	0	19
gene0104	556	0	556
gene0105	188	0	188
gene0106	115	0	115
gene0107	39	0	39
gene0108	234	0	234
gene0109	0	0	0
gene0110	138	0	138
gene0111	158	0	158
gene0112	229	0	229
gene0113	200	0	200
gene0114	29	0	29
gene0115	140	0	140
gene0116	0	0	0
gene0117	219	0	219
gene0118	2281	0	2281
gene0119	884	0	884
gene0120	74	0	74
gene0121	49	0	49
gene0122	59	0	59
gene0123	22	0	22
gene0124	160	0	160
gene0125	31	0	31
gene0126	455	0	455
gene0127	181	0	181
gene0128	18	0	18
gene0129	105	0	105
gene0130	311	0	311
gene0131	56	0	56
gene0132	117	0	117
gene0133	238	0	238
gene0134	91	0	91
gene0135	0	0	0
gene0136	569	0	569
gene0137	0	0	0
gene0138	8	0	8
gene0139	55	0	55
gene0140	1	0	1
gene0141	1158	0	1158
gene0142	33239	0	33239
gene0143	36	0	36
gene0144	9	0	9
gene0145	129	0	129
gene0146	0	0	0
gene0147	111	0	111
gene0148	235	0	235
gene0149	97	0	97
gene0150	0	0	0
gene0151	64	0	64
gene0152	0	0	0
gene0153	14	0	14
gene0154	25	0	25
gene0155	391	0	391
gene0156	12	0	12
gene0157	21	0	21
gene0158	32	0	32
gene0159	87	0	87
gene0160	15	0	15
gene0161	53	0	53
gene0162	27	0	27
gene0163	8246	0	8246
gene0164	0	0	0
gene0165	13	0	13
gene0166	11	0	11
gene0167	38	0	38
gene0168	10	0	10
gene0169	411	0	411
gene0170	404	0	404
gene0171	0	0	0
gene0172	206	0	206
gene0173	292	0	292
gene0174	68	0	68
gene0175	0	0	0
gene0176	86	0	86
gene0177	153	0	153
gene0178	187	0	187
gene0179	30	0	30
gene0180	278	0	278
gene0181	8	0	8
gene0182	200	0	200
gene0183	48	0	48
gene0184	142	0	142
gene0185	301	0	301
gene0186	397	0	397
gene0187	305	0	305
gene0188	0	0	0
gene0189	0	0	0
gene0190	1654	0	1654
gene0191	382	0	382
gene0192	219	0	219
gene0193	65	0	65
gene0194	0	0	0
gene0195	399	0	399
gene0196	180	0	180
gene0197	703	0	703
gene0198	112	0	112
gene0199	12	0	12
gene0200	0	0	0
gene0201	63	0	63
gene0202	26	0	26
gene0203	20	0	20
gene0204	0	0	0
gene0205	0	0	0
gene0206	713	0	713
gene0207	17	0	17
gene0208	0	0	0
gene0209	109	0	109
gene0210	0	0	0
gene0211	164	0	164
gene0212	34	0	34
gene0213	731	0	731
gene0214	444	0	444
gene0215	497	0	497
gene0216	845	0	845
gene0217	101	0	101
gene0218	3	0	3
gene0219	7	0	7
gene0220	148	0	148
gene0221	1990	0	1990
gene0222	162	0	162
gene0223	0	0	0
gene0224	164	0	164
gene0225	25	0	25
gene0226	1512	0	1512
gene0227	198	0	198
gene0228	64	0	64
gene0229	0	0	0
gene0230	0	0	0
gene0231	164	0	164
gene0232	866	0	866
gene0233	41	0	41
gene0234	45	0	45
gene0235	37	0	37
gene0236	14	0	14
gene0237	621	0	621
gene0238	227	0	227
gene0239	0	0	0
gene0240	28	0	28
gene0241	153	0	153
gene0242	321	0	321
gene0243	2564	0	2564
gene0244	60	0	60
gene0245	0	0	0
gene0246	61	0	61
gene0247	48	0	48
gene0248	284	0	284
gene0249	32	0	32
gene0250	732	0	732
gene0251	421	0	421
gene0252	1500	0	1500
gene0253	339	0	339
gene0254	60	0	60
gene0255	20	0	20
gene0256	416	0	416
gene0257	0	0	0
gene0258	597	0	597
gene0259	81	0	81
gene0260	0	0	0
gene0261	289	0	289
gene0262	32	0	32
gene0263	900	0	900
gene0264	15	0	15
gene0265	117	0	117
gene0266	1	0	1
gene0267	632	0	632
gene0268	408	0	408
gene0269	22	0	22
gene0270	281	0	281
gene0271	278	0	278
gene0272	71	0	71
gene0273	556	0	556
gene0274	1796	0	1796
gene0275	407	0	407
gene0276	120	0	120
gene0277	42	0	42
gene0278	14	0	14
gene0279	633	0	633
gene0280	0	0	0
gene0281	1	0	1
gene0282	30	0	30
gene0283	20	0	20
gene0284	0	0	0
gene0285	9	0	9
gene0286	97	0	97
gene0287	29	0	29
gene0288	214	0	214
gene0289	155	0	155
gene0290	50	0	50
gene0291	0	0	0
gene0292	0	0	0
gene0293	266	0	266
gene0294	301	0	301
gene0295	483	0	483
gene0296	199	0	199
gene0297	42	0	42
gene0298	171	0	171
gene0299	15	0	15
gene0300	0	0	0
gene0301	407	0	407
gene0302	37	0	37
gene0303	0	0	0
gene0304	176	0	176
gene0305	67	0	67
gene0306	27	0	27
gene0307	498	0	498
gene0308	414	0	414
gene0309	226	0	226
gene0310	135	0	135
gene0311	0	0	0
gene0312	376	0	376
gene0313	35	0	35
gene0314	15	0	15
gene0315	87	0	87
gene0316	75	0	75
gene0317	123	0	123
gene0318	0	0	0
gene0319	0	0	0
gene0320	51	0	51
gene0321	0	0	0
gene0322	167	0	167
gene0323	497	0	497
gene0324	52	0	52
gene0325	638	0	638
gene0326	1171	0	1171
gene0327	324	0	324
gene0328	11	0	11
gene0329	39	0	39
gene0330	0	0	0
gene0331	82	0	82
gene0332	0	0	0
gene0333	43	0	43
gene0334	143	0	143
gene0335	23	0	23
gene0336	0	0	0
gene0337	27	0	27
