N_unmapped	0	0	0
N_multimapping	0	0	0
N_noFeature	0	170020	0
N_ambiguous	19030	0	0
gene0001	0	332	0
gene0002	42	0	374
gene0003	8	24	68
gene0004	3	60	27
gene0005	1	794	11
gene0006	288	10	1082
gene0007	32	110	70
gene0008	75	38	185
gene0009	37	6414	77
gene0010	4345	40	10759
gene0011	1	134	7
gene0012	60	6	194
gene0013	143	8	312
gene0014	5	169	13
gene0015	40	31	109
gene0016	30	69	61
gene0017	204	197	792
gene0018	89	588	286
gene0019	121	164	299
gene0020	115	178	279
gene0021	39	10	188
gene0022	2	149	12
gene0023	4	763	15
gene0024	228	11	991
gene0025	0	47	0
gene0026	28	0	75
gene0027	24	400	128
gene0028	75	104	475
gene0029	0	26	0
gene0030	4	0	30
gene0031	4	63	9
gene0032	53	5	116
gene0033	11	267	28
gene0034	85	17	352
gene0035	79	175	362
gene0036	46	283	221
gene0037	39	23	80
gene0038	31	41	54
gene0039	0	213	0
gene0040	32	0	245
gene0041	142	0	374
gene0042	0	232	0
gene0043	172	183	1136
gene0044	29	964	212
gene0045	361	59	961
gene0046	36	600	95
gene0047	67	67	139
gene0048	49	72	116
gene0049	192	153	753
gene0050	55	561	208
gene0051	179	105	541
gene0052	53	362	158
gene0053	8	44	31
gene0054	35	23	79
gene0055	16	3337	126
gene0056	383	110	3720
gene0057	0	5	0
gene0058	5	0	10
gene0059	22	29	183
gene0060	6	161	35
gene0061	15	0	15
gene0062	190	0	190
gene0063	341	0	341
gene0064	609	0	609
gene0065	55	0	55
gene0066	509	0	509
gene0067	468	0	468
gene0068	87	0	87
gene0069	110	0	110
gene0070	520	0	520
gene0071	4862	0	4862
gene0072	0	0	0
gene0073	31	0	31
gene0074	4635	0	4635
gene0075	816	0	816
gene0076	0	0	0
gene0077	645	0	645
gene0078	356	0	356
gene0079	1842	0	1842
gene0080	158	0	158
gene0081	531	0	531
gene0082	204	0	204
gene0083	201	0	201
gene0084	29	0	29
gene0085	19	0	19
gene0086	0	0	0
gene0087	1813	0	1813
gene0088	601	0	601
gene0089	0	0	0
gene0090	151	0	151
gene0091	51	0	51
gene0092	39	0	39
gene0093	77	0	77
gene0094	363	0	363
gene0095	319	0	319
gene0096	4	0	4
gene0097	19	0	19
gene0098	233	0	233
gene0099	1610	0	1610
gene0100	0	0	0
gene0101	70	0	70
gene0102	0	0	0
gene0103	22	0	22
gene0104	966	0	966
gene0105	465	0	465
gene0106	132	0	132
gene0107	63	0	63
gene0108	576	0	576
gene0109	0	0	0
gene0110	156	0	156
gene0111	379	0	379
gene0112	534	0	534
gene0113	174	0	174
gene0114	36	0	36
gene0115	237	0	237
gene0116	0	0	0
gene0117	302	0	302
gene0118	4226	0	4226
gene0119	602	0	602
gene0120	114	0	114
gene0121	211	0	211
gene0122	152	0	152
gene0123	84	0	84
gene0124	191	0	191
gene0125	28	0	28
gene0126	496	0	496
gene0127	238	0	238
gene0128	18	0	18
gene0129	101	0	101
gene0130	454	0	454
gene0131	73	0	73
gene0132	116	0	116
gene0133	133	0	133
gene0134	80	0	80
gene0135	0	0	0
gene0136	855	0	855
gene0137	0	0	0
gene0138	18	0	18
gene0139	82	0	82
gene0140	1	0	1
gene0141	1286	0	1286
gene0142	45436	0	45436
gene0143	54	0	54
gene0144	8	0	8
gene0145	196	0	196
gene0146	0	0	0
gene0147	160	0	160
gene0148	432	0	432
gene0149	181	0	181
gene0150	0	0	0
gene0151	77	0	77
gene0152	0	0	0
gene0153	34	0	34
gene0154	21	0	21
gene0155	794	0	794
gene0156	44	0	44
gene0157	16	0	16
gene0158	75	0	75
gene0159	295	0	295
gene0160	24	0	24
gene0161	54	0	54
gene0162	70	0	70
gene0163	15575	0	15575
gene0164	0	0	0
gene0165	26	0	26
gene0166	5	0	5
gene0167	49	0	49
gene0168	14	0	14
gene0169	260	0	260
gene0170	560	0	560
gene0171	0	0	0
gene0172	207	0	207
gene0173	317	0	317
gene0174	60	0	60
gene0175	0	0	0
gene0176	121	0	121
gene0177	181	0	181
gene0178	164	0	164
gene0179	42	0	42
gene0180	445	0	445
gene0181	3	0	3
gene0182	342	0	342
gene0183	88	0	88
gene0184	154	0	154
gene0185	326	0	326
gene0186	1051	0	1051
gene0187	1013	0	1013
gene0188	0	0	0
gene0189	0	0	0
gene0190	2148	0	2148
gene0191	467	0	467
gene0192	570	0	570
gene0193	70	0	70
gene0194	0	0	0
gene0195	473	0	473
gene0196	533	0	533
gene0197	587	0	587
gene0198	179	0	179
gene0199	24	0	24
gene0200	0	0	0
gene0201	159	0	159
gene0202	80	0	80
gene0203	26	0	26
gene0204	0	0	0
gene0205	0	0	0
gene0206	1796	0	1796
gene0207	33	0	33
gene0208	0	0	0
gene0209	139	0	139
gene0210	0	0	0
gene0211	673	0	673
gene0212	32	0	32
gene0213	582	0	582
gene0214	407	0	407
gene0215	1103	0	1103
gene0216	945	0	945
gene0217	371	0	371
gene0218	2	0	2
gene0219	13	0	13
gene0220	208	0	208
gene0221	2282	0	2282
gene0222	180	0	180
gene0223	0	0	0
gene0224	121	0	121
gene0225	46	0	46
gene0226	2819	0	2819
gene0227	235	0	235
gene0228	83	0	83
gene0229	0	0	0
gene0230	0	0	0
gene0231	302	0	302
gene0232	1086	0	1086
gene0233	69	0	69
gene0234	168	0	168
gene0235	60	0	60
gene0236	65	0	65
gene0237	598	0	598
gene0238	557	0	557
gene0239	0	0	0
gene0240	54	0	54
gene0241	182	0	182
gene0242	665	0	665
gene0243	3252	0	3252
gene0244	100	0	100
gene0245	0	0	0
gene0246	98	0	98
gene0247	155	0	155
gene0248	465	0	465
gene0249	7	0	7
gene0250	1093	0	1093
gene0251	1255	0	1255
gene0252	2112	0	2112
gene0253	631	0	631
gene0254	66	0	66
gene0255	35	0	35
gene0256	338	0	338
gene0257	0	0	0
gene0258	865	0	865
gene0259	224	0	224
gene0260	0	0	0
gene0261	442	0	442
gene0262	34	0	34
gene0263	1291	0	1291
gene0264	23	0	23
gene0265	151	0	151
gene0266	7	0	7
gene0267	789	0	789
gene0268	997	0	997
gene0269	55	0	55
gene0270	227	0	227
gene0271	272	0	272
gene0272	172	0	172
gene0273	1627	0	1627
gene0274	1061	0	1061
gene0275	478	0	478
gene0276	188	0	188
gene0277	61	0	61
gene0278	32	0	32
gene0279	1207	0	1207
gene0280	0	0	0
gene0281	12	0	12
gene0282	118	0	118
gene0283	91	0	91
gene0284	0	0	0
gene0285	19	0	19
gene0286	98	0	98
gene0287	47	0	47
gene0288	647	0	647
gene0289	239	0	239
gene0290	110	0	110
gene0291	0	0	0
gene0292	0	0	0
gene0293	591	0	591
gene0294	525	0	525
gene0295	514	0	514
gene0296	737	0	737
gene0297	120	0	120
gene0298	280	0	280
gene0299	9	0	9
gene0300	0	0	0
gene0301	1536	0	1536
gene0302	70	0	70
gene0303	0	0	0
gene0304	166	0	166
gene0305	71	0	71
gene0306	80	0	80
gene0307	454	0	454
gene0308	834	0	834
gene0309	627	0	627
gene0310	636	0	636
gene0311	0	0	0
gene0312	486	0	486
gene0313	46	0	46
gene0314	71	0	71
gene0315	148	0	148
gene0316	77	0	77
gene0317	225	0	225
gene0318	0	0	0
gene0319	0	0	0
gene0320	158	0	158
gene0321	0	0	0
gene0322	265	0	265
gene0323	1071	0	1071
gene0324	146	0	146
gene0325	1441	0	1441
gene0326	1838	0	1838
gene0327	264	0	264
gene0328	15	0	15
gene0329	74	0	74
gene0330	0	0	0
gene0331	239	0	239
gene0332	0	0	0
gene0333	147	0	147
gene0334	194	0	194
gene0335	53	0	53
gene0336	0	0	0
gene0337	38	0	38
