N_unmapped	0	0	0
N_multimapping	0	0	0
N_noFeature	0	58181	58704
N_ambiguous	13575	0	0
gene0001	0	53	75
gene0002	17	83	62
gene0003	5	65	53
gene0004	5	54	64
gene0005	8	342	316
gene0006	247	441	456
gene0007	24	60	61
gene0008	35	63	69
gene0009	34	1667	1683
gene0010	2278	2827	2767
gene0011	1	92	86
gene0012	52	110	119
gene0013	90	88	94
gene0014	5	48	49
gene0015	80	91	112
gene0016	20	79	64
gene0017	113	326	310
gene0018	64	278	309
gene0019	146	378	377
gene0020	242	436	415
gene0021	35	79	71
gene0022	3	56	62
gene0023	5	489	522
gene0024	306	681	631
gene0025	0	16	19
gene0026	19	29	25
gene0027	21	173	162
gene0028	48	179	183
gene0029	0	11	14
gene0030	5	18	12
gene0031	3	29	36
gene0032	48	59	51
gene0033	4	202	203
gene0034	112	252	261
gene0035	55	203	212
gene0036	36	198	198
gene0037	23	41	19
gene0038	15	15	37
gene0039	0	80	89
gene0040	21	102	88
gene0041	125	218	199
gene0042	0	139	153
gene0043	169	676	640
gene0044	24	563	608
gene0045	312	439	435
gene0046	57	310	309
gene0047	26	47	49
gene0048	53	62	61
gene0049	113	257	244
gene0050	41	212	217
gene0051	115	187	200
gene0052	56	167	161
gene0053	15	47	49
gene0054	40	63	58
gene0055	10	1140	1054
gene0056	258	1190	1252
gene0057	0	2	1
gene0058	0	1	2
gene0059	26	121	129
gene0060	3	112	115
gene0061	32	20	12
gene0062	151	77	74
gene0063	267	133	134
gene0064	408	203	205
gene0065	36	15	21
gene0066	861	432	429
gene0067	284	152	132
gene0068	116	51	65
gene0069	86	32	54
gene0070	421	215	206
gene0071	3897	2028	1869
gene0072	0	0	0
gene0073	13	6	7
gene0074	8370	4214	4156
gene0075	296	139	157
gene0076	0	0	0
gene0077	407	206	201
gene0078	162	86	76
gene0079	1199	632	567
gene0080	185	100	85
gene0081	341	167	174
gene0082	261	124	137
gene0083	159	84	75
gene0084	26	14	12
gene0085	16	8	8
gene0086	0	0	0
gene0087	589	285	304
gene0088	707	354	353
gene0089	0	0	0
gene0090	69	35	34
gene0091	41	24	17
gene0092	22	9	13
gene0093	101	46	55
gene0094	755	372	383
gene0095	182	89	93
gene0096	4	3	1
gene0097	18	9	9
gene0098	154	83	71
gene0099	1380	700	680
gene0100	0	0	0
gene0101	94	37	57
gene0102	0	0	0
gene0103	23	16	7
gene0104	1488	733	755
gene0105	420	199	221
gene0106	139	78	61
gene0107	42	19	23
gene0108	523	254	269
gene0109	0	0	0
gene0110	256	135	121
gene0111	242	112	130
gene0112	574	284	290
gene0113	144	64	80
gene0114	19	10	9
gene0115	227	103	124
gene0116	0	0	0
gene0117	187	94	93
gene0118	2459	1202	1257
gene0119	965	459	506
gene0120	69	39	30
gene0121	239	123	116
gene0122	116	59	57
gene0123	63	40	23
gene0124	301	150	151
gene0125	39	20	19
gene0126	212	91	121
gene0127	142	70	72
gene0128	21	8	13
gene0129	132	75	57
gene0130	438	211	227
gene0131	45	21	24
gene0132	90	33	57
gene0133	237	109	128
gene0134	101	46	55
gene0135	0	0	0
gene0136	796	403	393
gene0137	0	0	0
gene0138	8	5	3
gene0139	26	16	10
gene0140	3	2	1
gene0141	953	472	481
gene0142	8679	4345	4334
gene0143	46	19	27
gene0144	15	5	10
gene0145	128	66	62
gene0146	0	0	0
gene0147	105	48	57
gene0148	204	108	96
gene0149	92	45	47
gene0150	0	0	0
gene0151	51	30	21
gene0152	0	0	0
gene0153	15	10	5
gene0154	15	7	8
gene0155	914	472	442
gene0156	33	16	17
gene0157	15	7	8
gene0158	50	26	24
gene0159	197	105	92
gene0160	20	10	10
gene0161	53	26	27
gene0162	37	22	15
gene0163	10960	5423	5537
gene0164	0	0	0
gene0165	20	10	10
gene0166	7	5	2
gene0167	114	65	49
gene0168	22	14	8
gene0169	301	162	139
gene0170	455	242	213
gene0171	0	0	0
gene0172	264	128	136
gene0173	353	187	166
gene0174	76	42	34
gene0175	0	0	0
gene0176	166	84	82
gene0177	311	146	165
gene0178	224	110	114
gene0179	26	12	14
gene0180	400	187	213
gene0181	4	1	3
gene0182	257	134	123
gene0183	111	66	45
gene0184	116	60	56
gene0185	287	149	138
gene0186	707	324	383
gene0187	780	393	387
gene0188	0	0	0
gene0189	0	0	0
gene0190	2150	1083	1067
gene0191	346	173	173
gene0192	323	162	161
gene0193	59	35	24
gene0194	0	0	0
gene0195	673	331	342
gene0196	216	103	113
gene0197	1394	702	692
gene0198	103	43	60
gene0199	29	12	17
gene0200	0	0	0
gene0201	66	34	32
gene0202	64	35	29
gene0203	22	9	13
gene0204	0	0	0
gene0205	0	0	0
gene0206	861	415	446
gene0207	37	22	15
gene0208	0	0	0
gene0209	184	91	93
gene0210	0	0	0
gene0211	348	157	191
gene0212	55	23	32
gene0213	1063	517	546
gene0214	258	131	127
gene0215	625	319	306
gene0216	1569	798	771
gene0217	329	161	168
gene0218	1	1	0
gene0219	19	12	7
gene0220	156	89	67
gene0221	1512	780	732
gene0222	107	50	57
gene0223	0	0	0
gene0224	75	44	31
gene0225	59	38	21
gene0226	2983	1472	1511
gene0227	257	124	133
gene0228	75	43	32
gene0229	0	0	0
gene0230	0	0	0
gene0231	197	98	99
gene0232	717	349	368
gene0233	49	26	23
gene0234	118	65	53
gene0235	62	27	35
gene0236	27	12	15
gene0237	379	197	182
gene0238	521	246	275
gene0239	0	0	0
gene0240	26	13	13
gene0241	110	52	58
gene0242	417	220	197
gene0243	3881	1946	1935
gene0244	73	41	32
gene0245	0	0	0
gene0246	92	51	41
gene0247	77	36	41
gene0248	275	139	136
gene0249	13	7	6
gene0250	712	376	336
gene0251	867	465	402
gene0252	1218	624	594
gene0253	549	287	262
gene0254	166	67	99
gene0255	13	7	6
gene0256	532	265	267
gene0257	0	0	0
gene0258	800	393	407
gene0259	133	66	67
gene0260	0	0	0
gene0261	363	173	190
gene0262	33	19	14
gene0263	1780	916	864
gene0264	10	4	6
gene0265	97	44	53
gene0266	4	3	1
gene0267	499	245	254
gene0268	654	337	317
gene0269	44	26	18
gene0270	224	117	107
gene0271	353	174	179
gene0272	114	54	60
gene0273	723	370	353
gene0274	2852	1446	1406
gene0275	285	130	155
gene0276	251	124	127
gene0277	63	31	32
gene0278	40	20	20
gene0279	778	390	388
gene0280	0	0	0
gene0281	2	2	0
gene0282	106	49	57
gene0283	51	28	23
gene0284	0	0	0
gene0285	15	7	8
gene0286	90	44	46
gene0287	34	17	17
gene0288	616	329	287
gene0289	206	102	104
gene0290	283	133	150
gene0291	0	0	0
gene0292	0	0	0
gene0293	348	154	194
gene0294	460	229	231
gene0295	788	413	375
gene0296	402	199	203
gene0297	65	36	29
gene0298	118	63	55
gene0299	8	3	5
gene0300	0	0	0
gene0301	713	363	350
gene0302	71	29	42
gene0303	0	0	0
gene0304	206	105	101
gene0305	92	50	42
gene0306	73	36	37
gene0307	447	220	227
gene0308	556	278	278
gene0309	584	318	266
gene0310	291	142	149
gene0311	0	0	0
gene0312	427	220	207
gene0313	42	14	28
gene0314	35	16	19
gene0315	134	79	55
gene0316	93	45	48
gene0317	106	72	34
gene0318	0	0	0
gene0319	0	0	0
gene0320	52	23	29
gene0321	0	0	0
gene0322	210	103	107
gene0323	403	205	198
gene0324	122	57	65
gene0325	982	494	488
gene0326	3227	1671	1556
gene0327	390	183	207
gene0328	17	8	9
gene0329	105	59	46
gene0330	0	0	0
gene0331	313	146	167
gene0332	0	0	0
gene0333	88	51	37
gene0334	125	67	58
gene0335	17	7	10
gene0336	0	0	0
gene0337	16	7	9
