N_unmapped	0	0	0
N_multimapping	0	0	0
N_noFeature	0	66688	67124
N_ambiguous	20750	0	0
gene0001	0	239	248
gene0002	56	274	269
gene0003	5	65	55
gene0004	8	57	66
gene0005	13	451	436
gene0006	361	609	626
gene0007	35	81	73
gene0008	41	74	86
gene0009	38	4606	4571
gene0010	6215	7638	7716
gene0011	1	35	37
gene0012	40	59	52
gene0013	69	81	71
gene0014	6	43	46
gene0015	74	88	107
gene0016	30	85	66
gene0017	104	338	327
gene0018	73	310	324
gene0019	50	166	164
gene0020	104	185	199
gene0021	22	75	64
gene0022	4	54	67
gene0023	13	436	500
gene0024	241	616	548
gene0025	0	37	35
gene0026	49	54	67
gene0027	14	212	206
gene0028	61	229	236
gene0029	0	15	21
gene0030	3	24	15
gene0031	4	24	19
gene0032	30	32	37
gene0033	6	321	307
gene0034	239	429	432
gene0035	65	211	222
gene0036	40	210	198
gene0037	52	87	69
gene0038	11	48	67
gene0039	0	76	82
gene0040	30	99	89
gene0041	121	188	173
gene0042	0	126	114
gene0043	147	613	563
gene0044	15	493	551
gene0045	336	468	437
gene0046	24	269	324
gene0047	33	73	79
gene0048	66	99	86
gene0049	215	451	494
gene0050	44	403	371
gene0051	146	273	253
gene0052	63	199	244
gene0053	19	70	55
gene0054	41	62	85
gene0055	18	1379	1371
gene0056	323	1524	1531
gene0057	0	3	4
gene0058	1	5	3
gene0059	20	75	90
gene0060	6	86	65
gene0061	32	16	16
gene0062	151	72	79
gene0063	344	166	178
gene0064	541	257	284
gene0065	63	31	32
gene0066	473	233	240
gene0067	287	152	135
gene0068	54	29	25
gene0069	135	64	71
gene0070	312	170	142
gene0071	3746	1894	1852
gene0072	0	0	0
gene0073	17	4	13
gene0074	9028	4550	4478
gene0075	222	100	122
gene0076	0	0	0
gene0077	699	336	363
gene0078	318	162	156
gene0079	2027	1036	991
gene0080	202	108	94
gene0081	310	148	162
gene0082	192	95	97
gene0083	126	65	61
gene0084	27	14	13
gene0085	20	12	8
gene0086	0	0	0
gene0087	821	423	398
gene0088	354	202	152
gene0089	0	0	0
gene0090	116	62	54
gene0091	50	19	31
gene0092	37	17	20
gene0093	77	35	42
gene0094	440	239	201
gene0095	208	104	104
gene0096	9	2	7
gene0097	8	2	6
gene0098	137	82	55
gene0099	1282	636	646
gene0100	0	0	0
gene0101	89	46	43
gene0102	0	0	0
gene0103	20	6	14
gene0104	702	370	332
gene0105	276	145	131
gene0106	255	135	120
gene0107	31	18	13
gene0108	282	119	163
gene0109	0	0	0
gene0110	411	218	193
gene0111	316	157	159
gene0112	218	113	105
gene0113	261	123	138
gene0114	62	32	30
gene0115	194	99	95
gene0116	0	0	0
gene0117	343	187	156
gene0118	1417	721	696
gene0119	1323	669	654
gene0120	120	59	61
gene0121	101	56	45
gene0122	129	70	59
gene0123	36	20	16
gene0124	326	153	173
gene0125	24	9	15
gene0126	296	157	139
gene0127	174	100	74
gene0128	20	7	13
gene0129	93	52	41
gene0130	316	143	173
gene0131	52	21	31
gene0132	177	88	89
gene0133	167	78	89
gene0134	110	57	53
gene0135	0	0	0
gene0136	1013	531	482
gene0137	0	0	0
gene0138	21	12	9
gene0139	68	35	33
gene0140	3	0	3
gene0141	1013	490	523
gene0142	21211	10642	10569
gene0143	99	52	47
gene0144	8	6	2
gene0145	126	70	56
gene0146	0	0	0
gene0147	179	90	89
gene0148	294	136	158
gene0149	269	136	133
gene0150	0	0	0
gene0151	84	52	32
gene0152	0	0	0
gene0153	43	18	25
gene0154	27	12	15
gene0155	1308	681	627
gene0156	27	17	10
gene0157	25	14	11
gene0158	66	28	38
gene0159	228	106	122
gene0160	22	11	11
gene0161	56	28	28
gene0162	79	29	50
gene0163	5720	2833	2887
gene0164	0	0	0
gene0165	15	7	8
gene0166	17	12	5
gene0167	74	33	41
gene0168	26	12	14
gene0169	392	211	181
gene0170	746	351	395
gene0171	0	0	0
gene0172	374	196	178
gene0173	214	98	116
gene0174	133	65	68
gene0175	0	0	0
gene0176	99	46	53
gene0177	182	82	100
gene0178	427	212	215
gene0179	55	27	28
gene0180	387	187	200
gene0181	5	3	2
gene0182	269	138	131
gene0183	119	49	70
gene0184	241	114	127
gene0185	246	107	139
gene0186	558	276	282
gene0187	589	278	311
gene0188	0	0	0
gene0189	0	0	0
gene0190	2824	1368	1456
gene0191	661	329	332
gene0192	500	256	244
gene0193	35	18	17
gene0194	0	0	0
gene0195	411	217	194
gene0196	312	144	168
gene0197	770	397	373
gene0198	94	46	48
gene0199	12	6	6
gene0200	0	0	0
gene0201	83	35	48
gene0202	45	24	21
gene0203	30	14	16
gene0204	0	0	0
gene0205	0	0	0
gene0206	928	471	457
gene0207	25	18	7
gene0208	0	0	0
gene0209	189	93	96
gene0210	0	0	0
gene0211	310	156	154
gene0212	31	15	16
gene0213	851	427	424
gene0214	560	284	276
gene0215	584	287	297
gene0216	1411	692	719
gene0217	288	149	139
gene0218	6	4	2
gene0219	13	6	7
gene0220	205	95	110
gene0221	3010	1513	1497
gene0222	129	56	73
gene0223	0	0	0
gene0224	193	112	81
gene0225	65	30	35
gene0226	2181	1074	1107
gene0227	184	90	94
gene0228	107	62	45
gene0229	0	0	0
gene0230	0	0	0
gene0231	212	97	115
gene0232	1134	605	529
gene0233	114	49	65
gene0234	104	47	57
gene0235	47	24	23
gene0236	32	20	12
gene0237	506	239	267
gene0238	405	190	215
gene0239	0	0	0
gene0240	44	19	25
gene0241	192	93	99
gene0242	548	286	262
gene0243	6020	3040	2980
gene0244	80	42	38
gene0245	0	0	0
gene0246	88	45	43
gene0247	74	50	24
gene0248	453	227	226
gene0249	41	23	18
gene0250	1150	577	573
gene0251	853	435	418
gene0252	1203	575	628
gene0253	796	395	401
gene0254	68	33	35
gene0255	28	14	14
gene0256	380	187	193
gene0257	0	0	0
gene0258	450	232	218
gene0259	210	110	100
gene0260	0	0	0
gene0261	558	269	289
gene0262	27	11	16
gene0263	1358	678	680
gene0264	17	6	11
gene0265	157	81	76
gene0266	0	0	0
gene0267	335	178	157
gene0268	912	440	472
gene0269	47	23	24
gene0270	350	175	175
gene0271	258	146	112
gene0272	126	70	56
gene0273	983	484	499
gene0274	2719	1392	1327
gene0275	487	256	231
gene0276	170	94	76
gene0277	104	44	60
gene0278	21	13	8
gene0279	1276	631	645
gene0280	0	0	0
gene0281	2	2	0
gene0282	47	24	23
gene0283	44	22	22
gene0284	0	0	0
gene0285	24	11	13
gene0286	96	43	53
gene0287	33	15	18
gene0288	306	164	142
gene0289	434	226	208
gene0290	130	69	61
gene0291	0	0	0
gene0292	0	0	0
gene0293	335	168	167
gene0294	545	287	258
gene0295	1024	487	537
gene0296	651	334	317
gene0297	73	30	43
gene0298	243	131	112
gene0299	3	2	1
gene0300	0	0	0
gene0301	915	460	455
gene0302	50	22	28
gene0303	0	0	0
gene0304	347	164	183
gene0305	79	43	36
gene0306	45	25	20
gene0307	458	235	223
gene0308	719	363	356
gene0309	880	437	443
gene0310	408	216	192
gene0311	0	0	0
gene0312	568	296	272
gene0313	41	23	18
gene0314	30	16	14
gene0315	102	53	49
gene0316	81	35	46
gene0317	129	63	66
gene0318	0	0	0
gene0319	0	0	0
gene0320	76	44	32
gene0321	0	0	0
gene0322	219	112	107
gene0323	998	531	467
gene0324	63	33	30
gene0325	1234	615	619
gene0326	1314	670	644
gene0327	190	98	92
gene0328	17	12	5
gene0329	57	25	32
gene0330	0	0	0
gene0331	145	70	75
gene0332	0	0	0
gene0333	95	54	41
gene0334	132	56	76
gene0335	23	14	9
gene0336	0	0	0
gene0337	15	11	4
